,id,label_class,text,label
0,,Azubi,"  Ausbildungsplatzangebot Kaufmann/-frau
  - Büromanagement Creditreform Krefeld Lienau KG

  Auszug der Stellenbeschreibung

  Ausbildungsplatzangebot Kaufmann/-frau - Büromanagement Creditreform Krefeld Lienau KG Ausbildungsplatz für 2017 als Ausbildungsplatzangebot Kaufmann/-frau - Büromanagement in Krefeld bei Creditreform Krefeld Lienau KG. Aussagekräftige Bewerbung bitte direkt über den Bewerben-Button versenden. Ausbildung als Ausbildungsplatzangebot Kaufmann/-frau - Büromanagement bei Creditreform Krefeld Lienau KG in Krefeld Standort:
  Leyentalstraße 1 47799 Krefeld Fachrichtungen:
  Wirtschaft / Verwaltung / Verkauf Angeboten als:
  duale Ausbildung Ausbildungsstart:
  01.08.2017 Anzeige melden Anschrift Leyentalstraße 1 47799 Krefeld Sie wollen hoch motiviert in eine erfolgreiche Zukunft starten? Dann beginnen Sie 2017 Ihre Ausbildung als Ausbildungsplatzangebot Kaufmann/-frau - Büromanagement in Krefeld. Durch profunde Lehrinhalte und praxisnahe Umsetzungen erlangen Sie qualifizierte Fähigkeiten, die ein/e Ausbildungsplatzangebot Kaufmann/-frau - Büromanagement 2017 benötigt. Nach der Ausbildung stehen Ihnen die Türen zu zahlreichen Weiterbildungsmöglichkeiten und Studienfächern ebenso offen, wie zum direkten Berufseinstieg. Sie sind verantwortungsbewusst, geübt im Umgang mit dem Computer und besitzen einen erfolgreich absolvierten Schulabschluss der mittleren Reife oder Abitur? Sie arbeiten selbstständig und im Team? Sie sind ein Organisationstalent? Dann ist unsere vielseitige Ausbildung zum/zur Ausbildungsplatzangebot Kaufmann/-frau - Büromanagement in Krefeld genau das Richtige für Sie. Dieser Text wurde automatisch generiert und stammt nicht
  vom Unternehmen selbst.",0
1,,Azubi,"  Standort
  Ketzin bei Berlin
  Online seit
  25.01.16
  25-01-16

  Karosserie- und Fahrzeugbaumechaniker (m/w)

  Mit maß­geschneiderten und kunden­orientierten Logistik­lösungen, sowie technischen und service­seitigen Dienst­leis­tungen und Sonder­bauten am Fahrzeug gehören wir zu den erfolg­reichsten Technik- und Logistik-Experten in Europa. Namhafte Automobil- und Land­maschinen­hersteller, Importeure und Flotten­betreiber sind unsere Partner.
  __________________________________________________

  Für unser Team am Standort in Ketzin suchen wir für das Ausbildungsjahr 2016 Auszubildende.

  Karosserie- und Fahrzeugbau­mechaniker/-innen

  Eine qualifizierte Ausbildung

  bildet die Basis für einen erfolgreichen Einstieg ins Berufsleben. Unser Ziel ist es, motivierten und en­ga­gier­ten jungen Leuten die bestmögliche Aus­bil­dung zu bieten. Die MOSOLF-Gruppe bildet in zahl­reichen in­ter­es­san­ten, abwechslungsreichen und an­spruchsvollen Berufsbildern aus, sowohl im kauf­männischen wie im technischen Bereich. Im Umfeld modernster Technik und großer Innovations­kraft sowie mit Unterstützung hilfsbereiter Mitarbeiter/-innen er­hal­ten unsere Auszu­bildenden ein perfektes Sprungbrett für ihre berufliche Entwicklung.

  Ihre Aufgaben

  Karosserie- und Fahrzeugbaumechaniker/innen der Fachrichtung Karosserieinstandhaltungstechnik reparieren Karosserien, Fahrzeugaufbauten, Fahr­gestelle und Fahrrahmen und halten sie instand. Sie lernen Fahrzeuge, Systeme und Zusatzeinrichtungen zu warten, zu prüfen und einzustellen. Weiterhin erfahren sie wie Bauteile, Baugruppen und Systeme montiert, demontiert und instand gesetzt werden und wie man einen Schadenumfang beurteilt.

  Die Ausbildungs­dauer beträgt 3,5 Jahre.

  Wir erwarten

  einen guten Schulabschluss (idealerweise mittlere Reife) sowie Flexibilität und Lernbereitschaft.

  Haben wir Ihr Interesse geweckt? Dann freuen wir uns auf Ihre Bewerbung an: Mosolf Dienstleistungsgesellschaft mbH, Gewerbegebiet Etzin, 14669 Ketzin oder per E-Mail an:
  __________________________________________________

  Bewerben Sie sich

  Frau Doreen Schalow

  Tel. +49 33233/88-390
  doreen.schalow@mosolf.de
  www.mosolf.de",0
2,,Azubi,"  AUSBILDUNG Feinwerkmechaniker/-in Industriekaufmann/-frau CHECK die MIAS Samstag, 30.1.16 Für alle an einem Ausbildungsplatz Interessierten öffnet MIAS ihre Fertigungshalle von 9 –12 Uhr. Ausbilder und derzeitige Auszubildende zeigen in der Praxis, ...

  Veröffentlichungstermin: 28.01.2016

  Auszubildende zur Zahnmedizinischen Fachangestellten gesucht. Bewerbungen mit den üblichen Unterlagen an: MSc Parodontologie Eberhard Wiegand -Zahnarzt- Spezialist für Parodontologie Nideggener Str. 8, 53909 Zülpich - Tel. ...

  Veröffentlichungstermin: 28.01.2016
  Telefonnummer: 02252-6778

  Weiterbildung Zugbegleiter

  Traumberuf bei der Eisenbahn! Weiterbildung in Berlin: Zugbegleiter ab 25.01.2016 (ca. 8,5 Mon.), Triebfahrzeugführer ab 08.02.2016 (ca. 7 Mon.), o. Zweiwegefahrzeugführer inkl Rangierlokführer-Ausbildung ab 07.03.2016 (ca. 4 Mon.) mit ...
  Anzeigenart: gewerblich
  Veröffentlichungstermin: 27.01.2016
  Telefonnummer: 030-577013874

  Ab August Azubi (m/w) zum Fach-Informatiker für Anwendungsentwicklung gesucht. Vorraussetzungen: Spaß und Interesse an der Technologie, Abitur, Fachabitur oder guter Realschulabschluss. Bewerbungen per mail an /bewerbung@synamix.de/. ...

  Veröffentlichungstermin: 27.01.2016

  UnterrichtErfahrenes Studententeam erteilt kompetente Nachhilfe in allen Fächern bei Ihnen zuhause. Tel. ...

  Veröffentlichungstermin: 27.01.2016
  Telefonnummer: 0163/4457089

  Azubi zur Zahnmedizinischen Fachangestellten gesucht! Suchen freundliche und aufgeschlossene Azubine mit Herzblut für den Beruf der ZFA. Ein guter bis befriedigender Realschulabschluss in Deutsch und den naturwissenschaftlichen Fächern sind ...

  Veröffentlichungstermin: 27.01.2016

  Eine spannende Ausbildung – eure starke Perspektive! Maschinen- und Anlagenführer / in Schwerpunkt Metall- und Kunststofftechnik. Ausbildungsdauer 2,0 Jahre Ausbildungsbeginn 1. September 2016 Voraussetzungen • Hauptschulabschluss (10A) • Interesse ...

  Veröffentlichungstermin: 27.01.2016

  Gestalte deine Zukunft. Bei edoc. Du siehst deine Zukunft in der IT und im Vertrieb? Du bist motiviert, engagiert und zielorientiert? Dann bist du in unserem Team genau richtig. Wir bieten dir eine hervorragende und persönliche Ausbildung mit dem ...

  Veröffentlichungstermin: 27.01.2016

  Wir suchen ab sofort oder später freundliche/n, engagierte/n und qualifizierte/n Auszubildende/n für Zahnmedizinische Fachangestellte/n sowie Zahnmedizinische Fachangestellte/n für Stuhlassistenz, Rezeption, Gerne auch Wiedereinsteiger/in! Sie haben ...

  Veröffentlichungstermin: 27.01.2016
  Telefonnummer: 02486/950217

  Wir bieten an: Ausbildung (m/w) im Klempner- sowie im Dachdeckerhandwerk. Arbeiten Sie gerne im Team, sind flexibel und belastbar, haben Spaß am freundlichen Umgang mit Ihren Mitmenschen, dann sind Sie bei uns genau richtig und wir freuen uns über ...

  Veröffentlichungstermin: 27.01.2016
  Telefonnummer: 06747/7666",0
3,,Azubi,"  Die Schule liegt hinter dir - und jetzt? Wie wäre es mit einer Ausbildung bei einem starken Partner, der dir Sicherheit, Perspektiven und viel Abwechslung bieten kann - und das nicht irgendwo, sondern bei einem der erfolgreichsten Unternehmen im Lebensmitteleinzelhandel? Herzlich willkommen bei Lidl! Je nachdem, was dir liegt, machen wir dich während deiner Ausbildung fit für deine Zukunft bei uns. Erlebe, dass sich deine Ausbildung lohnt - in einer unserer Regionalgesellschaften bei dir vor Ort! Ausbildungsbeginn ist am 01. August.

  Aufgaben
  * Die interessante Welt des Handels lernst du im Abiturientenprogramm von der Pike auf kennen.
  * Dein theoretisches vermitteltes Fachwissen verknüpfst du mit praktischen Elementen des Filialalltags, z. B. die Warenverräumung und -präsentation, die Durchführung von Disposition, die Gewährleistung von Frische, Qualität und Sauberkeit oder das Erlernen von Personalführungselementen.
  * In drei Jahren erhältst du drei Abschlüsse: Nach der Ausbildung zum Kaufmann (w/m) im Einzelhandel (18 bzw. 24 Monate, unterschiedliche Regelungen je nach Bildungsträger möglich), folgt die Weiterbildung zum geprüften Handelsfachwirt (w/m) in weiteren 18 Monaten, inkl. der Weiterbildung zum Ausbilder (w/m).
  * Als zukünftige Führungskraft leitest du eine Filiale mit rund 15 Mitarbeitern und hast darüber hinaus ausgezeichnete Entwicklungsmöglichkeiten, z. B. zum Verkaufsleiter (w/m).

  Profil
  * Allgemeine Hochschulreife oder Fachhochschulreife
  * Begeisterungsfähigkeit, Zielstrebigkeit, Zuverlässigkeit
  * Freundlichkeit und Teamfähigkeit

  Wir bieten
  * Wir legen Wert darauf, dass sich dein Einstieg nach dem Abitur bei uns lohnt! Deshalb kannst du mit der Kombination aus Aus- und Weiterbildung gleich drei Abschlüsse in drei Jahren machen. Dabei wirst du intensiv betreut - von der Personalabteilung in unserer Gesellschaft, deinem Fachbereich und einem persönlichen Paten. Durch einen Mix aus praktischer Ausbildung und anspruchsvollen Seminar-Blöcken gehst du fachlich und persönlich schnell auf Wachstumskurs. Auch deine Vergütung kann sich sehen lassen (1. - 6. Monat: 1.050 ?, 7. - 18. bzw. 24. Monat: 1.200 ?). Danach profitierst du von einer übertariflichen Vergütung. Du siehst: Das Abiturientenprogramm bietet dir beste Voraussetzungen für eine berufliche Zukunft mit Perspektiven.

  Interessiert?
  Jetzt online bewerben",0
4,,Azubi,"  https://jobs.cdn-aldi-sued.de/video/.mp4

  Du möchtest einen Job, in dem du vom ersten Tag an Teil eines eingespielten Teams bist? Wir bilden dich zwei Jahre lang zum Verkäufer aus - und bei Eignung durchläufst du in einem weiteren Jahr deine Ausbildung zum Kaufmann im Einzelhandel. Entscheide dich für eine weltweit erfolgreiche Unternehmensgruppe und gestalte deine Zukunft.

  Für uns - das sind deine Aufgaben
  * Annahme von Warenlieferungen, Lagerung und Präsentation von Waren und Frischekontrollen im Obst- und Gemüsebereich
  * Beantwortung von Fragen unserer Kunden
  * Kassieren und Abrechnen der Kasse
  * Gewährleistung von Ordnung und Sauberkeit in der Filiale
  * Vorbereitung und Durchführung von Inventurarbeiten

  Für morgen - das bringst Du mit, um gemeinsam die Zukunft zu gestalten
  * Einen überzeugenden Schulabschluss
  * Spaß am Umgang mit Menschen und an Bewegung
  * Zuverlässigkeit und Flexibilität
  * Engagement und die Bereitschaft zu lernen
  * Teamgeist

  Für mich - das bietet ALDI SÜD
  * Ein attraktives Gehalt in Höhe von monatlich 950 Euro im ersten Lehrjahr, 1.050 Euro im zweiten und 1.200 Euro im dritten Lehrjahr plus Urlaubs- und Weihnachtsgeld
  * Gute Übernahmechancen bei überzeugendem Engagement
  * Optimale Einarbeitung und Unterstützung bei der Vorbereitung auf die Abschlussprüfung
  * Tolle Azubi-Events wie zum Beispiel ein Lieferantenbesuch
  * Obst, Gemüse und Getränke kostenlos am Arbeitsplatz

  Um Ihnen den Lesefluss zu erleichtern, beschränken wir uns auf männliche Bezeichnungen. Bewerberinnen sind uns selbstverständlich gleichermaßen willkommen.

  Weitere Informationen zum Beruf",0
5,,Azubi,"  Ausbildungsplatzangebot

  Angebots-Nr. 107-129007-640122

  Label Content
  Ausbildungsberuf Restaurantfachmann/-frau
  (zum Berufe-Steckbrief )
  Schulabschluss mindestens Mittlerer Abschluss oder vergleichbar
  Beginn 01. August 2016
  Angebotene Plätze 1
  Stellenbeschreibung

  Ihre Ausbildung zum/zur Restaurantfachfrau/-frau

  Sie setzen sich gerne an einen schön gedeckten Tisch? Ihnen ist eine gute Stimmung und ein schönes Ambiente wichtig? Sie verwöhnen gerne Ihre Freunde und Familie? Sie haben Spaß am Kontakt mit Ihren Mitmenschen und mögen einen abwechslungsreichen und flexiblen Arbeitsalltag? Dann ist die Ausbildung zur Restaurantfachfrau /zum Restaurantfachmann genau richtig.

  Hier arbeiten Sie direkt am Gast und tragen die Verantwortung für einen angenehmen und reibungslosen Service. Sie achten darauf, dass alle notwendigen Vorbereitungen getroffen worden sind: Die Gläser sind alle poliert und spiegeln das Licht wider, der Tisch ist schön eingedeckt, die Getränkekühlschränke sind aufgefüllt, es ist ausreichend Geschirr und poliertes Besteckvorhanden, die Brotkörbe sind hergerichtet...

  Sie haben es in der Hand dem Gast ein Lächeln ins Gesicht zu zaubern. Ist das nicht eine schöne Herausforderung?

  Wir freuen uns über Ihre aussagekräftige Bewerbung!
  www.ihk-lehrstellenboerse.de

  Unternehmen

  Albrechtshof Hotels

  Albrechtshof Hotel Betriebsgesellschaft mbH

  Albrechtstr. 8
  10117 Berlin

  Kontakt

  Albrechtshof Hotel Betriebs GmbH

  Albrechtstraße 8
  10117 Berlin

  Zur Homepage
  Kontakt aufnehmen

  Auf Deine Bewerbung freut sich:

  Julia Voll

  Tel. 030/30886601

  Weitere Ausbildungsplatzangebote des Unternehmens (1)

  * Koch/Köchin (1)",0
6,,Azubi,  Weitere interessante Jobs für Beruf: Auszubildende Hotelfachmann / Hotelfachfrau Bereich: Ausbildung Hotellerie Ort: Berlin,0
7,,Azubi,"  Ausbildung zur Industriekauffrau / zum Industriekaufmann

  FensterART GmbH & Co. KG Berlin
  + Posted on 01 Mar 2018
  + Job type: Full time
  + Career level: Entry Level
  + Industry: Industry and mechanical engineering

  Ausbildung zur Industriekauffrau / zum Industriekaufmann

  Du passt zu uns, wenn du
  + ein Organisationstalent bist und Excel nicht für eine Chemikalie hälst.
  + Interesse hast alle Unternehmensbereiche kennenzulernen und ein ausgeprägtes Kommunikationsvermögen besitzt.
  + gern im Team arbeitest und es dir Freude bereitet gemeinsam Lösungen zu finden.
  + mindestens einen guten Realschulabschluss oder Abitur hast.
  + Begeisterungsfähigkeit, Leistungsbereitschaft und Lernbereitschaft zu deinen Stärken zählst.

  Deine Ausbildung
  Wir bieten dir eine umfassende und spannende Ausbildung in unserem Werk in Werneuchen bei Berlin. Anhand attraktiver und herausfordernder Aufgaben vermitteln wir dir umfassende Kenntnisse der kaufmännischen Arbeit. In den Bereichen Einkauf, Vertrieb, Buchhaltung etc. übernimmst du nach kurzer Zeit eigenständig Aufgaben und bearbeitest eigenverantwortlich kleinere bereichübergreifende Projekte.
  Mit sehr guten schulischen und betrieblichen Leistungen kannst du deine Ausbildungszeit verkürzen. Gern kannst du ein Praktikum vor dem Beginn deiner 3-jährigen Ausbildung bei uns machen.
  Für Fragen zu unseren Ausbildungsplätzen erreichst du Friederike Winkler unter Tel.: (03 33 98) 83 861.
  Wenn du Interesse an einer Ausbildung bei uns hast, schick deine vollständigen und aussagekräftigen Bewerbungsunterlagen an:
  FensterART GmbH & Co. KG
  Frau Friederike Winkler
  E-Mail: bewerbung@fensterart.de
  Südstraße 3-4 | 16356 Werneuchen (bei Berlin)

  Über FensterART
  FensterART ist als inhabergeführtes Familienunternehmen einer der führenden Anbieter von Kunststoff-Fenstern und -Türen im Raum Berlin/Brandenburg. Von seinem Standort, 30 km von der Berliner Innenstadt entfernt, vertreibt das Unternehmen deutschlandweit hochwertige Elemente aus
  Kunststoff und Aluminium über den Fachhandel. Die rund 70 engagierten Mitarbeiter, die umfangreiche Produktpalette und das auf den Fachhandel ausgerichtete optimale Logistik- und Wiederverkäuferkonzept sind Gründe für den seit 1999 stetig steigenden Erfolg des Familienunternehmens.
  Wir sind seit Jahren anerkannter Partner der IHK und bilden in mehreren Berufszweigen seit über 15 Jahren erfolgreich aus. Unseren besten Absolventen garantieren wir die Übernahme in ein unbefristetes Arbeitsverhältnis.",0
8,,Azubi,"  Klüh ist der internationale Multidienstleister für Facility Services (FM). Mit mehr als 41.000 Mitarbeitern, Niederlassungen in neun Ländern und einem Jahresumsatz von mehr als 630 Mio. Euro zählt Klüh zu den führenden FM-Anbietern weltweit. Charakteristisch sind die mannigfaltigen globalen Branchenlösungen für Cleaning, Catering, Security, Clinic Service, Airport Service und Facility Management sowie Personal Service.

  Das mit einem Umsatz von über 182 Mio. Euro größte Tätigkeitsfeld der Unternehmensgruppe ist die Klüh Cleaning GmbH, Spezialist für Reinigungsleistungen. Mit mehr als 14.000 Mitarbeitern bieten wir unseren Kunden Unterhaltsreinigung, Glas- und Fassadenreinigungen, Sonder- und Grundreinigungen, Reinraumreinigungen, Verkehrsmittelreinigungen sowie Außenanlagenpflege. Klüh Cleaning ist nach DIN EN ISO 9001:2008, DIN EN ISO 14001:2004 und SCC Regelwerk 2007 zertifiziert.

  Wir bilden aus: Gebäudereiniger/in

  Auszubildende in der Gebäudereinigung

  in Vollzeit

  Sie suchen eine geeignete Ausbildung? Wir suchen Sie!

  Gemeinsam schaffen wir den perfekten Karrierestart!

  Ihre Aufgaben

  * Säubern von Innenräumen und Aussenfassaden unterschiedlicher Gebäude
  * Auftragsübernahme, Planen und Vorbereiten von Arbeitsaufgaben
  * Reinigungs-, Desinfektionspflege und Oberflächenbehandlung und Oberflächenbehandlungsmittel und ihre Anwendung
  * Einsatz von Reinigungsgeräten und -maschinen
  * Durchführen von Maßnahmen zur Hygiene, Schädlingsbekämpfung und Dekontamination
  * Berufsbildung, Arbeitsrecht und Tarifrecht
  * Sicherheit, Gesundheits- und Umweltschutz, Qualitätsmanagement
  *

  Ihr Profil

  * Hauptschulabschluss
  * gute technische, mathematische, chemische und physikalische Kenntnisse und Interessen
  * Zuverlässigkeit, Pünktlichkeit, Gewissenhaftigkeit und Organisationstalent

  Ihr Vorteil

  * Die Klüh Cleaning GmbH bietet eine hochwertige Berufsausbildung. Dabei binden wir Sie aktiv in das Tagesgeschäft sowie in spannende Projekte mit ein.
  * Interessiert: dann schauen Sie auch gern unter www.klueh.de
  *

  Wir freuen uns auf Ihre Bewerbung. Bitte senden Sie Ihre aussagefähigen Bewerbungsunterlagen (möglichst per Email) mit Angabe Ihrer Entgeltvorstellung und Ihres frühestmöglichen Eintrittstermins an Gorgiana Bacrau unter g.bacrau@klueh.de oder telefonisch unter 030 / 230932-19. Diskretion bei der Behandlung Ihrer Bewerbung ist für uns selbstverständlich.

  Klüh Cleaning GmbH

  Frau Gorgiana Bacrau

  Am Borsigturm 100

  13507 Berlin

  www.klueh.de",0
9,,Azubi,"  Auszubildende zur/zum Industriemechaniker/in (20151837_0002)
  Die Wasser- und Schifffahrtsverwaltung des Bundes ist für die Unterhaltung, den Ausbau und den Neubau von Bundeswasserstraßen zuständig. Sie sorgt als Strompolizei- und Bauaufsichtsbehörde dafür, dass die Wasserstraßen befahrbar und die bundeseigenen Schifffahrtsanlagen und die Wasserstraßen sicher sind. Als Schifffahrtspolizeibehörde sorgt sie dafür, dass durch den Verkehr oder sonstige Nutzungen auf der Wasserstraße keine Gefahren für Mensch und Umwelt entstehen.
  Das Wasser- und Schifffahrtsamt Berlin sucht zum 01.08.2016 mehrere

  Auszubildende zur/zum Industriemechanikerin/Industriemechaniker
  Der Ausbildungsort ist Fürstenwalde.
  Referenzcode der Ausschreibung 20151837_0002
  Bewerbungsfrist: 1. März 2016
  Arbeitsbeginn: zum 01.08.2016
  Arbeitszeit: Vollzeit
  Vertragsart: befristet
  Laufbahn: Ausbildung
  Bewerbergruppe: Auszubildende

  Arbeitsort
  Bezeichnung: Wasser- und Schifffahrtsamt Berlin
  Ort: Fürstenwalde
  PLZ: 15517
  Bundesland: Brandenburg

  Anforderungen
  + Realschulabschluss oder gleichwertig
  + In den Schulfächern Mathematik, Deutsch und Physik mindestens die Schulnote 3 (eine der drei genannten Fächer darf auch Schulnote 4 sein)

  Arbeitgeber-Leistungen
  Die Ausbildungsvergütung richtet sich nach dem Tarifvertrag für Auszubildende im öffentlichen Dienst (TVAöD).

  Besondere Hinweise
  Frauen werden bei gleicher Eignung, Befähigung und fachlicher Leistung nach Maßgabe des Bundesgleichstellungsgesetzes bevorzugt berücksichtigt.
  Schwerbehinderte Menschen werden bei gleicher fachlicher Eignung bevorzugt eingestellt. Es wird nur ein Mindestmaß an körperlicher Eignung verlangt.
  Begrüßt werden Bewerbungen von Menschen aller Nationalitäten.
  Die Auswahl erfolgt durch eine Auswahlkommission.

  Bewerbungsverfahren
  Sollte Ihr Interesse geweckt worden sein, bewerben Sie sich bitte bis zum 01.03.2016 über das Elektronische Bewerbungsverfahren (EBV) auf der Einstiegsseite http://www.bav.bund.de/Einstieg-EBV
  Hier geben Sie bitte den oben genannten Referenzcode ein.
  Bitte laden Sie im weiteren Verlauf Ihre vollständigen Bewerbungsunterlagen (Lebenslauf, Schulabschlusszeugnis oder letztes Schulzeugnis (bei Abiturienten das Zeugnis der 10.Klasse), Schwimmnachweis und Gesundheitszeugnis nach §32 Jugendarbeitsschutzgesetz) als Anlage in Ihrem Kandidatenprofil hoch.
  Zusätzlich pflegen Sie bitte in Ihrem Kandidatenprofil unter /Ausbildung/Abschlüsse/ Ihren Schulabschluss sowie die Noten der Schulfächer Deutsch, Mathematik und Physik des Zeugnis der 10. Klasse bzw. letzten Schulzeugnis.
  Für Fragen im Zusammenhang mit dem Elektronischen Bewerbungsverfahren steht Ihnen die Bundesanstalt für Verwaltungsdienstleistungen unter der Rufnummer 04941 602-240 zur Verfügung.

  Ansprechpartner
  Frau Werk (Tel. 030 69532-365)",0
10,,Azubi,"  Home Ausbildungsbetriebe Dänisches Bettenlager GmbH & Co. KG Dänisches Bettenlager - Kaufmann/-frau im Einzelhandel 2016

  Dänisches Bettenlager - Kaufmann/-frau im Einzelhandel 2016

  Drucken
  Berlin | Kaufmann/-frau im Einzelhandel | Beginn: 1. August 2016
  Jetzt bewerben

  Ausbildung zum/zur Kaufmann/-frau im Einzelhandel

  Das Dänische Bettenlager bietet dir im August 2016 Ausbildungsplätze in Berlin an!

  Du suchst den perfekten Einstieg in den Handel? Dann ist die Ausbildung zum/zur Kaufmann/-frau im Einzelhandel im Dänischen Bettenlager genau das Richtige für dich! In deiner Ausbildungszeit von drei Jahren erlernst du alle praktischen Abläufe und Prozesse des Einzelhandels und profitierst vom direkten Kundenkontakt. Hier ist kein Tag wie jeder andere. Im Berufsschulunterricht sind v.a. Rechnungswesen, Wirtschaftslehre und Warenverkaufskunde deine Kernfächer.

  Das Dänische Bettenlager bietet dir volle Teamintegration inklusive Arbeitskleidung. Die Firmen-eigene Ausbildungsbetreuung unterstützt dich zusätzlich durch zahlreiche Schulungen und bereitet dich intensiv auf bevorstehende Prüfungen vor. Nach erfolgreicher Ausbildung warten viele spannende Karrierechancen auf dich.

  Das Dänische Bettenlager sucht einen Azubi, der ...

  ... neben einem guten Haupt- oder Realschulabschluss auch Engagement und Motivation mitbringt. Die Arbeit im Team und Spaß am Umgang mit Menschen sind essenziell für eine Arbeit im Einzelhandel. Außerdem sollte Interesse an kaufmännischen Zusammenhängen vorhanden sein.

  So bewirbst du dich um deine Ausbildung beim Dänischen Bettenlager

  Deine vollständigen Bewerbungsunterlagen bestehen aus
  * Anschreiben
  * Lebenslauf
  * Zeugnissen

  Bitte sende all das über das Online Formular des Dänischen Bettenlagers an deinen künftigen Ausbildungsbetrieb. Den Link hierzu findest du oben im /Jetzt Bewerben/ Button.

  azubister wünscht dir viel Erfolg bei deiner Bewerbung!

  Bitte bezieh dich in deinem Anschreiben auf uns :)

  Mögliche Schulabschlüsse

  Hauptschulabschluss

  mittlerer Schulabschluss

  Fachabitur/Abitur
  zum Unternehmensprofil
  Anzeige
  Weitere Anzeigen
  * Dänisches Bettenlager - Kaufmann/-frau im Einzelhandel 2016
  Standort: Korbach

  Noch unentschlossen? Informiere Dich weiter zum Ausbildungsangebot bei Dänisches Bettenlager GmbH & Co. KG.

  Diese Ausschreibung wird an folgenden Standorten angeboten:",0
11,,NoAz,"  Modern + erfolgreich + renommiert (Helfer/in - Textilverarbeitung)

  directhire

  Stellenangebotsbeschreibung: Die Persodirekt unterstützt Sie mit jahrelanger Erfahrung, bei der Suche nach Ihrem neuen Job. Unser Ziel ist es, Sie langfristig in Arbeit zu bringen. Wir suchen für ein regionales Unternehmen kontaktfreudige Helfer/innen. Ihre Aufgaben: - allgemeine Produktionsarbeiten - Bedienung von Maschinen - Reklamationsbearbeitung Ihr Profil: - Berufserfahrung in der Produktion - Auch für Neueinsteiger möglich - Gute Umgangsformen, Kontaktfreudigkeit Wir bieten: - unbefristete Vollzeitstelle, 40 Stunden pro Woche - gutes Betriebsklima - Lohn 9,80 Euro Brutto/Std. So bewerben Sie sich auf diese Stelle: - Nutzen Sie unser Bewerberportal unter www.persodirekt.de - Nach Eingang Ihrer Bewerbung setzen wir uns umgehend mit Ihnen in Verbindung Aufgrund der hohen Anzahl an Bewerbungen können wir leider nur Unterlagen mit frankiertem Rückumschlag zurücksenden können. Vielen Dank für Ihr Verständnis.

  fulltime

  Gewünschte Bewerbungsarten: über Internet Internetadresse: https://ssl.persodirekt.de/bewerbung Geforderte Anlagen: http://persodirekt.de Stellenangebot-Details in der Jobbörse der BA aufrufen: 10000-1166567914-S

  10000-1166567914-S",1
12,,NoAz,"  Kennziffer: 173023633

  Mechatroniker

  im Anlagen- und Sondermaschinenbau
  Unser Kunde ist ein erfolgreiches Unternehmen aus dem Bereich Sondermaschinenbau mit Niederlassungen in Europa, Asien, den USA und Südamerika. Für den Standort in Egelsbach mit ca. 300 Mitarbeitern, zunächst in Arbeitsnehmerüberlassung mit anschließender Übernahmeoption in die Stammbelegschaft, suchen wir Sie (m/w) als Mechatroniker

  Ihre Aufgaben:

  * Sie fertigen Komponenten nach Zeichnung und Stückliste an und montieren diese
  * Sie helfen mit, die Montageprozesse und Montageumgebung ständig zu verbessern
  * Sie arbeiten eng mit den Nachbarabteilungen zusammen
  * Sie sorgen in der Endkontrolle für die Einhaltung des Qualitätsstandards

  Ihr Profil:

  * Sie bringen eine abgeschlossene Ausbildung in einem Metallberuf (z.B. Industriemechaniker, Mechatroniker, Werkzeugmacher) mit
  * Sie sind sicher im Umgang mit technischen Zeichnungen und Stücklisten
  * Sie verfügen über Kenntnisse in der Hydraulik und Pneumatik
  * Eine selbstständige Arbeitsweise und Teamfähigkeit runden Ihr Profil ab

  Wir bieten Ihnen:

  * Den Einstieg in ein modernes und expandierendes Unternehmen
  * Eine umfassende Einarbeitung durch den Kundenbetrieb
  * Einen modernen Arbeitsplatz mit hochmotivierten Kollegen und flachen Hierarchien
  * Leistungsgerechte Entlohnung und einen unbefristeten Arbeitsvertrag
  * Begleitung Ihrer beruflichen Entwicklung durch das Team der JOB AG

  Wir sind Ihr Matchmaker und finden für Sie den richtigen JOB!
  Wir freuen uns auf Ihre vollständige Bewerbung mit Angabe Ihres frühestmöglichen Eintrittstermins und Ihrer Gehaltsvorstellungen. Bei Fragen vorab können Sie jederzeit Ihren Ansprechpartner Herrn Martin Franke unter 06151 1366290 oder martin.franke@job-ag.com kontaktieren.
  Online Bewerben
  Per Mail Bewerben
  Per Post Bewerben
  Stellenangebot drucken
  Stellenangebot per Mail versenden

  Teilen
  Facebook Xing Twitter LinkedIn",1
13,,NoAz,"  Big Data Administrator - Germany - 600 euros pd
  __________________________________________________

  Vertragsart:
  Vor Ort
  Start:
  ASAP
  Dauer:
  6 months
  Von:
  Computer People
  Ort:
  DE
  Eingestellt:
  03.08.2017
  Land:
  Deutschland
  Cluster
  Java
  Big Data
  Hadoop
  Konfiguration
  Administration
  __________________________________________________

  Projekt merken
  Optionen
  * Drucken
  * Projekt melden
  Vielen Dank. Ihr Feedback wurde verschickt.
  __________________________________________________

  Projektbeschreibung

  Melden Sie sich jetzt an und bewerben Sie sich direkt! Jetzt bewerben

  Big Data Administrator - Germany - 600 euros pd

  My client in Germany are looking for a skilled Big Data Administrator with strong knowledge of the Hadoop cluster to join their team on a 6 month initial contract as they undertake a major project.

  They are looking for:
  * Implementation experience in Cloudera cluster setup, configuration and administration
  * Cloudera Administration Certification
  * Ability to troubleshoot core Java

  The client are looking to conduct interviews soon so if you are interested in applying please send your updated CV ASAP.

  Keywords: Big Data Administrator, Big Data, Hadoop, Hadoop Administrator, Cloudera, Impala, Germany, Munich, Bavaria, Berlin

  Melden Sie sich jetzt an und bewerben Sie sich direkt! Jetzt bewerben

  E-Mail: leer oder ungültig

  Ihre Empfehlung wurde an den Empfänger versandt.",1
14,,SHK,"  Studentische/r Mitarbeiter/in für das Modellprojekt /Frontaldiskurs

  Minor e.V. Berlin
  + Posted on 30 Mar 2018
  + Job type: Part time
  + Career level: Student/Intern
  + Industry: Health and social

  Studentische/r Mitarbeiter/in für das Modellprojekt /Frontaldiskurs
  06.03.2018
  Minor e.V. - Berlin
  Sozialwissenschaften, Geisteswissenschaften, Pädagogik, Sozialpädagogik, Politologie, Sozialwesen, Gesellschaftspolitik

  Aufgaben
  - Unterstützung der wissenschaftlichen Mitarbeiterin in der Umsetzung pädagogischer
  Maßnahmen und Beratung in den Teilprojekten
  - Unterstützung der wissenschaftlichen Mitarbeiterin in der Entwicklung von Methoden
  und Modellen für das Themenfeld Linke Militanz
  - Organisation und Durchführung von Workshops und Veranstaltungen mit den Teilprojekten
  - Recherche und Akquise von Teilprojektpartnern
  - Assistenz der Projektleitung in alles Tätigkeitsfeldern der Projektleitung

  Qualifikation
  - Student/in der Sozialen Arbeit, Sozialpädagogik, Politik- und Sozialwissenschaften u.ä.
  - Reisebereitschaft
  - Kommunikationsfähigkeit
  - Motivation und Verantwortungsübernahme
  - Pädagogische Erfahrung mit Jugendlichen
  - Interesse an und Erfahrungen in der politischen Bildung
  - MS-Office

  Benefits
  - Gute Vereinbarkeit von Familie und Studium
  - Flexible Arbeitszeitregelungen
  - eine verantwortungsvolle und abwechslungsreiche Tätigkeit
  - ein freundliches Team

  Weitere Angaben
  Sprachkenntnisse:
  Beginn: ab sofort
  Dauer: 31.12.2018 mit Option auf Verlängerung
  Vergütung: TVÖD 3/1",1
15,,NoAz,"  Kundenberater/-in für Reisebuchungen und -reservierungen

  catch@job PAV Berlin
  + Posted on 28 Feb 2018
  + Job type: Full time
  + Career level: Professional/Experienced
  + Industry: Internet and IT
  Mit ca. 2,9 Mio. Beschäftigten zählen Online-Reise-Anbieter zu den am schnellst wachsenden Markt in Deutschland. Fast jeder Zweite bucht heute nur noch online eine Reise, einen Flug oder einen Mietwagen. Als Kundenbetreuer/in wird man hier mit vielen verschiedenen Fragen konsultiert, welche Sie sich in der professionellen Reisehotline gerne annehmen wollen.
  Wir suchen zum schnellstmöglichen Einstieg mehrere Travel Agents m/w in der Buchungshotline für ein Reiseportal. Die Stellen können in Vollzeit (40h/Wo.) und Teilzeit (mind. 30h/Wo. ohne Muttischichten) besetzt werden.

  Ihre Aufgaben:
  + Beantworten von eingehenden Calls (Inbound) von Reise-Interessenten
  + Buchen von Reisen mit allen anfallenden Zusatzoptionen (Meerblick, Mietwagen etc.)
  + Bearbeiten von neuen und bereits vorhandenen Reiseanfragen
  + Aufbereiten von Datensätzen im System
  + Hilfestellung zu allen Themen rund um den Kundenservice im Bereich Reisebuchungen
  + Dokumentieren der Anrufe sowie Weiterleiten von Kunden in die Fachabteilungen
  + Klärung bei Unstimmigkeiten
  + Aktualisieren der Datensätze

  Was Sie erwartet:
  + Eine angemessene Vergütung von 1.640 ? brutto (bei Vollzeit) + weitere Leistungen
  + Eine intensive Einarbeitung bis zu 5 Wochen, hier sind die Arbeitszeiten wie folgt: Mo-Fr 9-17.30 Uhr
  + Nach der Einarbeitungsphase arbeiten Sie in einem Schichtbetrieb, Servicezeiten: 8.00 und 23.00 Uhr bei einer 5-Tage-Woche (Wochenenddienste stehen nicht immer an, aber sie gehören dazu)
  + Finanzielle Vorteile an Sonntagsdiensten (50%), an Feiertagen 100%
  + Regelmäßige betriebliche Unternehmungen
  + Entwicklungsmöglichkeiten innerhalb des Unternehmens

  Ihr Profil:
  + Ein ausgeprägtes Interesse an Reisen
  + Gute Tipp-Geschwindigkeit am PC
  + Idealerweise mit Touristik-Ausbildung/-Studium/-Erfahrung (kein Muss)
  + Sie sprechen verhandlungssicher Deutsch und Schulenglisch
  + Zuverlässig, dienstleistungsorientiert und flexibel
  Interessant? Dann freuen wir uns auf Ihre Bewerbung, die Sie auf folgendem Weg einreichen können:
  + per Online-Formular (ohne Registrierung) auf http://www.catch-a-job.com/travel-agent
  + oder per E-Mail an Bewerbung{at}catch-a-job.de
  Noch Fragen? Anrufen! Ihr Ansprechpartner: Frau Feuser 030/364286-77 oder 0176/21482802

  Wir freuen uns auf Sie!
  Stichwortsuche m/w: Call Center Agent, Callcenter Agent, Callcenteragent, Telefonist, Reiseverkehrskaufmann, Reiseverkehrskauffrau, Tourismus, Kauffrau Kaufmann für Tourismus und Freizeit, Customer Care, Kundenbetreuer, Kundenbetreuung, Travel Agent, Dialogmarketing, Expedient",1
16,,NoAz,"  Instandhaltungsmechaniker/in Maschinenschlosser/in (Instandhaltungstechniker/in)

  StellenbeschreibungWir suchen einen/ eine Instandhaltungsmechaniker/ in für
  eine Kunststoffspritzerei bzw. ein Kunststoffverarbeitendes
  Unternehmen im Rahmen der Arbeitnehmerüberlassung für
  den Einsatz in Berlin.
  Ihre Aufgaben:
  - Eigenverantwortliche Durchführung von Reparaturen sowie
  Inspektions- und Wartungsarbeiten incl. Dokumentation
  - Selbstständige Fehlersuche an Spritzgießmaschinen sowie
  Sondermaschinen
  - Erstellen und aktualisieren von Wartungsplänen

  Ihr Profil:
  - Abgeschlossene Berufsausbildung als Maschinenschlosser/in,
  Industriemechaniker/in oder Servicemechaniker/in
  - Fundierte Kenntnisse im Bereich Pneumatik und Hydraulik
  - PC- Kenntnisse

  Was wir Ihnen bieten:

  - Einen festen Arbeitsplatz nach BAP- Tarifvertrag

  - Eine übertarifliche Vergütung zzgl. Urlaubs- und
  Weihnachtsgeld

  - Einen interessanten und Ihren Qualifikationen entsprechenden
  Arbeitsplatz mit Übernahmeperspektiive durch das
  Kundenunternehmen

  Die DEKRA Arbeit Gruppe, eine Tochtergesellschaft der DEKRA SE,
  gehört zu den erfolgreichsten vermittlungsorientierten
  Personaldienstleistern in Deutschland.

  An derzeit über 120 bundes- und europaweiten Standorten haben wir
  es uns zur Aufgabe gemacht, flexible Personallösungen zu
  etablieren und so den regionalen Arbeitsmarkt positiv mitzugestalten.
  Helfen Sie mit, dieses Erfolgsmodell weiter auszubauen und bewerben
  Sie sich noch heute.
  Unternehmen / Organisation:
  DEKRA Arbeit GmbH
  Region:
  Berlin
  Art der Anstellung:
  Festanstellung
  Stellenprozent:
  100
  Berufsfeld:
  Arbeit
  Erforderliche Kenntnisse:
  Hydraulik, Pneumatik
  * Bewerben
  * Job merken

  Instandhaltungsmechaniker/in Maschinenschlosser/in (Instandhaltungstechniker/in)

  DEKRA Arbeit GmbH
  Berlin
  Festanstellung

  Veröffentlicht am 29.08.2017
  * Bewerben
  * Job merken

  Nach weiteren Jobs suchen",1
17,,NoAz,"  Performance Marketing Manager (SEA, Paid Social) (m/w)
  __________________________________________________

  Berlin
  22. August 2017
  Festanstellung
  Zurück
  + Merken- Entfernen
  Teilen
  * Twitter
  * Facebook
  * Xing
  * Email

  Bewerben

  Deine Aufgaben:
  * Planung, Steuerung und Optimierung unserer Performance Marketing Kampagnen
  * Du verstehst es unsere Zielgruppe im Internet punktgenau anzusprechen und beherrscht die dafür nötigen Vorgehensweisen und Targeting Tools.
  * Strategienentwicklung für relevante Zielgruppen
  * tools: AdWords und DoubleClick Search

  DEIN Profil:
  * Bachelor- oder Masterabschluss in Wirtschaftswissenschaften (Marketing / E-Commerce) bzw. jahrelang den Fokus auf Performance Marketing gelegt
  * Teamspirit
  * Deutsch / Englisch

  Sollte ich Ihr Interesse geweckt haben, so bewerben Sie sich gern bei mir mit Ihren vollständigen Bewerbungsunterlagen unter der E-Mail: a.schafer@masonfrank.com.

  Ich stehe Ihnen jederzeit für Fragen zur Verfügung.

  Deine Vorteile mit Mason Frank zu arbeiten:

  Mason Frank ist eine weltweit führende Personalberatung, welche sich auf die Vermittlung von Fach- und Führungskräften im Bereich Salesforce.com spezialisiert hat. Wir sichern dir persönliche Beratung, Diskretion, Fachwissen, Kundenbeziehungen und insbesondere Professionalität!

  IT

  CAPTION: Stelleninformation

  Inserent   Nigel Frank International
  Kontaktname Ann-Sophie Schafer
  Telefon   + 44 191 230 1883 (Beziehen Sie sich auf Dice)
  Referenz   2378728AS_1503421628
  Zurück
  + Merken- Entfernen
  Teilen
  * Twitter
  * Facebook
  * Xing
  * Email

  Bewerben

  Gehalt
  Standort    Berlin
  Art des Jobs  Festanstellung
  Veröffentlicht 22. August 2017
  Aktualisiert  22. August 2017
  + Job merken- von Merkliste entfernen Bewerben",1
18,,NoAz,"  Medical Science Liaison Norddeutschland (m/w) Hamburg - 386236/3/Hamburg

  Zur Hays-Jobsuche

  Medical Science Liaison Norddeutschland (m/w)

  Hamburg &vert; Festanstellung durch unseren Kunden
  Referenznummer
  386236/3
  Jetzt bewerben Jetzt bewerben
  Merken Von Merkliste entfernen
  Meine Aufgaben
  * Identifikation, Aufbau und Aufrechterhalten solider Netzwerke mit Meinungsbildern
  * Organisation von und Teilnahme an Kongressen und wissenschaftlichen Fortbildungsveranstaltungen
  * Bewertung von klinischen Studien und Mitwirken an nicht-interventionellen Studien
  * Vorbereitung und Durchführung von medizinischen Projekten und klinischen Studien
  * In- und externer Ansprechpartner für medizinwissenschaftliche Themen rund um das Produkt
  * Interne Schulungen und Trainings für den Außendienst

  Meine Qualifikationen
  * Abgeschlossenes Studium der Humanmedizin oder ein naturwissenschaftliches Studium mit Promotion
  * Bevorzugt Erfahrung in der Neurologie oder OpenDrug-Medikation
  * Fundierte Berufserfahrung als MSL und Erfahrung in der Nutzung und dem Ausbau von internen und externen Netzwerken
  * Erfahrung im medizinisch-wissenschaftlichen Außendienst
  * Hohe Reisebereitschaft
  * Sehr gute Präsentations-, Kommunikations- und Verhandlungsfähigkeiten, sowie die Fähigkeit, komplexe Themen einfach und hocheffizient darzustellen
  * Sehr gute Deutsch- und Englischkenntnisse

  Meine Vorteile
  * Attraktives Vergütungspaket
  * Eigenverantwortliche Arbeitsstrukturen
  * Eigenverantwortliche Position mit viel Gestaltungsspielraum
  * Flexible Arbeitszeiten
  * Firmenwagen zur privaten Nutzung

  Über Hays
  Mit über 15 Jahren Erfahrung in der klassischen Pharmaindustrie ebenso wie in der Biotechnologie und Medizintechnik kennen wir die entscheidenden Ansprechpartner, die anspruchsvolle Aufgaben mit Potenzial ausschreiben. Die hohe Personalnachfrage eröffnet spannende Möglichkeiten für engagierte Experten, um sich beruflich zu entwickeln und an ihrer Karriere zu arbeiten. Ihnen als Kandidat bieten wir dabei als spezialisierte Personalberatung mit einem internationalen Netzwerk entscheidende Vorteile - und das völlig kostenfrei für Sie. Registrieren Sie sich und profitieren Sie von interessanten und passenden Positionen und Projekten.
  Mein Kontakt bei Hays

  Mein Ansprechpartner
  Marco Megerle

  Referenznummer
  386236/3

  Kontakt aufnehmen
  E-Mail: marco.megerle@hays.de",1
19,,NoAz,"  Vonovia ist eines von Deutschlands führenden Immobilienunternehmen. Das Unternehmen besitzt und verwaltet bundesweit 394.000 Wohnungen und hat damit Verantwortung für rund eine Million Menschen, die bei Vonovia zuhause sind. Mit gutem und bezahlbarem Wohnraum und einem kundenorientierten Service rund ums Wohnen schafft Vonovia die Voraussetzung für eine nachhaltig erfolgreiche Unternehmensentwicklung.
  Vonovia ist seit 2013 börsennotiert und gehört seit September 2015 zu den DAX 30 Unternehmen. Es ist damit das erste Wohnungsunternehmen, das in den Index aufgenommen wurde. Rund 9.000 Mitarbeiter beschäftigt Vonovia in der Unternehmenszentrale in Bochum sowie an Standorten in ganz Deutschland.
  Im Kundenservice von Vonovia übernehmen Sie Verantwortung für die Zufriedenheit unserer Kunden. Dabei hilft Ihnen nicht nur ein starkes Team, sondern auch ein Unternehmen, das im Kundenservice Maßstäbe setzen will. In unseren Service Centern in Duisburg und Dresden kümmern sich ca. 1.000 Mitarbeiter um die rund 4 Millionen Anfragen unserer Bestandskunden und Interessenten, die uns jährlich erreichen. Kundenzufriedenheit ist elementarer Bestandteil der Konzernstrategie, daher legen wir großen Wert auf ein kollegiales Arbeitsumfeld und beste Arbeitsbedingungen für unsere Service-Mitarbeiter.

  Für unseren zentralen Kundenservice in Duisburg und Dresden suchen wir zum nächstmöglichen Zeitpunkt motivierte Teamplayer (m/w) als
  Immobilienkaufmann/-frau für den Bereich Nebenkostenmanagement
  Aufgabengebiet:
  * Erstellung von Betriebs- und Heizkostenabrechnungen sowie serviceorientierte Bearbeitung von Kundenanfragen und Einsprüchen zur Nebenkostenabrechnung
  * Eigenverantwortliche Prüfung der Umlagefähigkeit einzelner Kosten sowie Qualitätssicherung einer verursachungsgerechten Buchung von Kosten
  * Verhinderung und Reduktion von Forderungsausfällen
  * Pflege von abrechnungsrelevanten Stammdaten

  Anforderungsprofil:
  * Sie verfügen über eine abgeschlossene Ausbildung als Immobilienkaufmann/-frau oder eine vergleichbare Qualifikation
  * Sie haben bereits erste Erfahrungen in diesem Bereich, gerne auch Branchenerfahrung im Bereich Wärmemessdienste und Versorger
  * Sie verfügen über buchhalterische Grundkenntnisse, vorzugsweise im Kreditorenbereich
  * Sie sind serviceorientiert und der Kunde steht bei Ihnen an erster Stelle
  * Sie sind flexibel, engagiert und kommunikationsstark in Sprache und Schrift
  * Ein hohes Maß an Motivation und Lernbereitschaft sowie erfolgsorientiertes Arbeiten sind für Sie selbstverständlich
  * Sie verfügen über gute Kenntnisse in Microsoft Office, SAP RE Kenntnisse sind wünschenswert

  Ihre Zukunft:
  * Sicheres Arbeitsverhältnis mit attraktiven Konditionen in einem dynamischen Unternehmen
  * Modernes Arbeitsumfeld mit abwechslungsreichen und herausfordernden Aufgaben
  * Umfangreiche Entwicklungsmöglichkeiten
  * Erstklassige Sozialleistungen und Arbeitnehmervorteile wie z.B. vermögenswirksame Leistungen, Arbeitnehmer-Aktienprogramm oder Angebote zur Mitarbeitergesundheit

  Sind Sie interessiert?
  Dann klicken Sie bitte auf den Button /Bewerben/ unterhalb dieser Ausschreibung und nutzen Sie bitte das dann angezeigte Online-Bewerbungsformular.

  Wir freuen uns auf Ihre Bewerbung!
  Bewerben

  Ihr Recruiting-Team
  Vonovia
  Tel.: 0800 / 28 22 1011
  www.vonovia.de/karriere

  Weiterempfehlen:
  *
  *
  *
  *
  *
  *
  *
  *

  Jobs per E-Mail: Benachrichtigung einrichten
  Mit Ihrer Bewerbung erkennen Sie unsere Datenschutzbestimmungen an.
  Datenschutzinformation für Bewerberinnen und Bewerber
  (Stand 17.08.2018)
  Diese Datenschutzinformation bezieht sich auf die Verarbeitung personenbezogener Daten von Bewerbern (Betroffene und im Folgenden /Sie/, /Ihre/ oder /Ihnen/) durch die Vonovia SE (im Folgenden /Vonovia/, /wir/ oder /uns/) und der mit ihr verbundenen Unternehmen (/Vonovia Immobilien-gruppe/, /wir/ oder /uns/) bei der Nutzung der Karriere-Webseite und der Durchführung des gesamten Bewerbungsprozesses nach der EU-Datenschutzgrundverordnung (im Folgenden /DSGVO/) und dem neuen Bundesdatenschutzgesetz (im Folgenden /BDSG neu/).
  1. Anwendungsbereich, verantwortliche Stelle und Definitionen
  1.1. Anwendungsbereich dieser Datenschutzinformation
  Diese Datenschutzinformation gilt für die Nutzung der Karriere-Webseite (abrufbar unter https://www.vonovia.de/ueber-vonovia/karriere) und den gesamten Bewerbungsprozess. Sie kön-nen diese Datenschutzinformation jederzeit und kostenlos auf dieser Webseite unter dem Link https://www.vonovia.de/datenschutz-bewerber abrufen, speichern und ausdrucken.
  1. Diese Datenschutzinformation betrifft nur die Verarbeitungen personenbezogener Daten von Bewerbern und personenbezogene Daten im Zusammenhang mit einer Bewerbung bei der Vonovia. Datenverarbeitungen anderer Personenkategorien werden von dieser Datenschutzinformation nicht erfasst und bekommen ihre eigenen spezifischen Datenschutzinformationen zur Verfügung gestellt (https://www.vonovia.de/datenschutz).
  1.2. Für die Verarbeitung Ihrer personenbezogenen Daten verantwortliche Stelle
  Vonovia SE
  Universitätsstr. 133
  44803 Bochum
  Tel.: +49 234 314-0
  Fax: +49 234 314 888-4414
  E-Mail: bewerbung@vonovia.de
  1.3. Konzerndatenschutzbeauftragter
  Bitte richten Sie Ihre Fragen rund um den Datenschutz an:

  Ernst & Young Law GmbH
  c/o Vonovia SE
  Postfach
  44784 Bochum
  E-Mail: datenschutz@vonovia.de
  1.4. Definitionen
  Dieser Datenschutzinformation liegen folgende datenschutzrechtliche Begriffe zugrunde, die wir zum leichteren Verständnis definiert haben:
  1. Das BDSG neu ist das neue Bundesdatenschutzgesetz (Datenschutz-Anpassungs- und -Umsetzungsgesetz EU - DSAnpUG-EU) zur Anpassung an die EU-Datenschutzgrundverordnung (Verordnung (EU) 2016/679) und zur Umsetzung der Richtlinie (EU) 2016/680). Es tritt gleichzeitig mit der DSGVO in Kraft und konkretisiert die Vorschriften der DSGVO in Teilbereichen (z.B. die Datenverarbeitung von Arbeitnehmern durch den Arbeitgeber).
  2. Die DSGVO ist die EU-Datenschutzgrundverordnung (Verordnung (EU) 2016/679) des Europäischen Parlaments und des Rates vom 27. April 2016 zum Schutz natürlicher Personen bei der Verarbeitung personenbezogener Daten, zum freien Datenverkehr und zur Aufhebung der Richtlinie 95/46/EG).
  3. Empfänger ist eine natürliche oder juristische Person, Behörde, Einrichtung oder andere Stelle, der personenbezogene Daten offengelegt werden, unabhängig davon, ob es sich bei ihr um einen Dritten handelt oder nicht. Behörden, die im Rahmen eines bestimmten Untersuchungsauftrags nach dem Unionsrecht oder dem Recht der Mitgliedstaaten möglicherweise personenbezogene Daten erhalten, gelten jedoch nicht als Empfänger; die Verarbeitung dieser Daten durch die genannten Behörden erfolgt im Einklang mit den geltenden Datenschutzvorschriften gemäß den Zwecken der Verarbeitung. Empfänger Ihrer personenbezogenen Daten können die Post/ Versanddienstleister sein, über die wir Ihnen Ihren Anstellungsvertrag und weitere Unterlagen im Zusammenhang mit Ihrer Bewerbung zukommen lassen.
  4. Die Vonovia Immobiliengruppe umfasst alle die nach § 15 AktG mit der Vonovia SE verbundenen Unternehmen.
  5. Personenbezogene Daten sind alle Informationen, die sich auf eine identifizierte oder identifizierbare natürliche Person, d.h. dem Betroffenen, beziehen. Als identifizierbar wird eine natürliche Person angesehen, die direkt oder indirekt, insbesondere mittels Zuordnung zu einer Kennung wie einem Namen, zu einer Kennnummer, zu Standortdaten, zu einer Online-Kennung oder zu einem oder mehreren besonderen Merkmalen, die Ausdruck der physischen, physiologischen, genetischen, psychischen, wirtschaftlichen, kulturellen oder sozialen Identität dieser natürlichen Person sind, identifiziert werden kann. Personenbezogene Daten können etwa Name und Kontaktdaten von Bewerbern sein.
  6. Verantwortliche Stelle ist die natürliche oder juristische Person, Behörde, Einrichtung oder andere Stelle, die allein oder gemeinsam mit anderen über die Zwecke und Mittel der Verarbeitung von personenbezogenen Daten entscheidet. Sind die Zwecke und Mittel dieser Verarbeitung durch das Unionsrecht oder das Recht der Mitgliedstaaten vorgegeben, so kann der Verantwortliche beziehungsweise können die bestimmten Kriterien seiner Benennung nach dem Unionsrecht oder dem Recht der Mitgliedstaaten vorgesehen werden. Für die in dieser Datenschutzerklärung beschriebenen Datenverarbeitungen ist die Vonovia SE verantwortliche Stelle (1.2.).
  7. Verarbeitung ist jeder mit oder ohne Hilfe automatisierter Verfahren ausgeführte Vorgang oder jede solche Vorgangsreihe im Zusammenhang mit personenbezogenen Daten wie das Erheben, das Erfassen, die Organisation, das Ordnen, die Speicherung, die Anpassung oder Veränderung, das Auslesen, das Abfragen, die Verwendung, die Offenlegung durch Übermittlung, Verbreitung oder eine andere Form der Bereitstellung, den Abgleich oder die Verknüpfung, die Einschränkung, das Löschen oder die Vernichtung. Verarbeitung kann etwa die Erhebung und Nutzung Ihrer Daten beim Bewerbungsprozess sein (z.B. Speicherung Ihrer Bewerbungsunterlagen und Versand einer Statusinformation per E-Mail zum Status Ihrer Bewerbung).
  2. Zwecke, Rechtsgrundlagen und ggf. Datenkategorien bei Verarbeitung Ihrer personenbezogenen Daten
  2.1. Akquise in sozialen Netzwerken
  Um qualifizierte Bewerber zu finden, suchen wir aktiv in berufsorientieren sozialen Netzwerken und sprechen potenzielle Bewerber z.B. über ihren Xing-Account an. Dabei greifen wir auf öffentlich zugängliche personenbezogene Daten in sozialen Netzwerken zu, die bestimmte Filterkriterien erfüllen. Kandidaten, die für uns interessant sind, merken wir uns z.B. über den Xing-Talentmanager vor und speichern deren Daten. Wir verarbeiten Ihre Daten zum Zweck der gezielten Bewerberansprache und aufgrund unseres berechtigten Interesses, geeignete Mitarbeiter zu rekrutieren, auf Grundlage von Art. 6 Abs. 1 S. 1 lit. f) DSGVO.
  2.2. Besuch der Karriere-Webseite (Log files/ Cookies)
  1. Wenn Sie unsere Karriere-Webseite besuchen, verarbeiten wir Ihre personenbezogenen Daten (etwa Ihre IP-Adresse) aufgrund unseres berechtigten Interesses an der Betrugsprävention und der Vermeidung von Missbrauchsfällen auf Grundlage von Art. 6 Abs. 1 S. 1 lit. f) DSGVO.
  2. Bei der Nutzung unserer Karriere-Webseite werden Cookies auf Ihrem Rechner gespeichert. Cookies sind kleine Textdateien, die auf Ihrer Festplatte dem von Ihnen verwendeten Browser zugeordnet und gespeichert werden. Mithilfe der Cookies werden der Stelle, die den Cookie setzt, bestimmte Informationen zufließen. Dadurch können unsere Webseiten nutzerfreundlicher und effektiver gestaltet werden. Cookies können keine Programme ausführen oder Viren auf Ihren Computer übertragen. Für den Einsatz von Cookies auf unserer Karriere-Webseite beachten Sie bitte unsere Cookie Informationen. Diese können unter folgendem Link aufgerufen werden:

  https://www.vonovia.de/cookie-richtlinien.

  2.3. Job-Benachrichtigung
  Über unsere Karriere-Webseite können Sie sich für unsere Job-Benachrichtigungen registrieren. In unseren Job-Benachrichtigungen informieren wir Sie über aktuelle Job-Angebote. Wenn Sie nur bestimmte Angebote zugesendet bekommen möchten, können sie Berufsgruppen und Ort auswählen und erhalten dann individuelle Job-Benachrichtigungen. Dabei verarbeiten wir Ihre Daten aufgrund Ihrer Einwilligung i.S.d. Art. 6 Abs. 1 S. 1 lit. a) DSGVO, § 26 Abs. 2. S. 1 BDSG neu.
  2.4. Social Media Plugins
  1. Wenn Sie unsere Karriere-Webseite bzw. die Stellenanzeigen besuchen, verarbeiten wir Ihre personenbezogenen Daten gegebenenfalls für Werbemaßnahmen mithilfe von Social Media Plugins.
  2. Unsere Karriere-Webseite bzw. Stellenanzeigen enthalten Social Media Plugins (z.B. Facebook /Like/Share-Button/). Wenn Sie auf diese klicken und Sie einen Account im entsprechenden sozialen Netzwerk haben, baut Ihr Browser eine Verbindung zum sozialen Netzwerk auf, wo der Inhalt, den Sie /geliked/ haben, erscheint. Neben dem Inhalt, den Sie /geliked/ haben, verarbeiten wir dabei:
  * Ihre IP-Adresse
  * aufgerufene Webseite
  * Datum und Uhrzeit des Webseitenaufrufs.

  Wir verarbeiten Ihre personenbezogenen Daten, um die Reichweite unseres Angebots zu erhöhen und Marketingmaßnahmen durchzuführen. Die Verarbeitung Ihrer personenbezogenen Daten erfolgt auf Grundlage Ihrer Einwilligung i.S.d. Art. 6 Abs. 1 S. 1 lit. a) DSGVO, die Sie uns bei Aktivierung des Buttons und nachfolgendem Anklicken des /Like/Share-Buttons/ erteilen (sog. 2-Klick-Lösung).
  Dabei erfolgt eine Übermittlung Ihrer personenbezogenen Daten in die USA. Facebook, Inc. unterliegt dem EU-U.S. Privacy Shield. Dadurch ist ein angemessener Schutz Ihrer personenbezogenen Daten gewährleistet. Den vollständigen Text des EU-U.S. Privacy Shield Frameworks können Sie unter folgendem Link aufrufen:

  https://www.privacyshield.gov/servlet/servlet.FileDownload?file=015t00000004qAg

  Für weitere Details zur Datenverarbeitung verweisen wir Sie auf die Datenschutzerklärung von Facebook:

  https://www.facebook.com/privacy/explanation

  2.5. Empfang und Bearbeitung von Bewerbungen (Auswahlverfahren)
  1. Über unsere Karriere-Webseite können Sie unsere Online-Stellenbörse besuchen. Wenn Sie sich für eine unserer ausgeschriebenen Stellen interessieren, können Sie sich direkt online bewerben, indem Sie sich im Bewerberportal registrieren. Hierfür setzen wir das Bewerbermanagement-Tool der concludis GmbH ein. Im Anschluss an die Registrierung erhalten Sie eine Registrierungsbestätigung per E-Mail. Sie können uns zudem weitere Dokumente (etwa Lebenslauf) über das Tool zukommen lassen. Bitte senden Sie uns hierbei keine besonderen personenbezogenen Daten (etwa sexuelle Ausrichtung, Informationen über Krankheiten und Schwangerschaften, religiöse oder politische Überzeugungen oder Gewerkschaftszugehörigkeiten) und Informationen, die in keinem konkreten Zusammenhang mit Ihrer Bewerbung stehen, zu.
  2. Wir verarbeiten Ihre personenbezogenen Daten, wie z.B. Kontaktdaten (z.B. Vor- und Nachname, Adresse, Telefonnummer und E-Mail-Adresse) und weitere von Ihnen zur Verfügung gestellten Bewerberdaten (z.B. Informationen über Berufs- und Arbeitsgeschichte, Ausbildung, Sprachkenntnisse und Arbeitserlaubnis). Die Bearbeitung umfasst dabei die Prüfung der Bewerbungsunterlagen, die Durchführung von Telefon-Interviews und Bewerbungsgesprächen sowie die Entscheidung über ein Stellenangebot (Zu- oder Absage).
  3. Für die Besetzung ausgewählter Positionen nutzen wir ggf. Personaldienstleister. Diese übermitteln uns die personenbezogenen Daten, die Sie dem Personaldienstleister zur Verfügung gestellt haben. Die Profile werden intern an den jeweiligen Fachbereich weitergeleitet, der den Auswahlprozess durchführt. Sofern wir ungefragt Profile von potentiellen Kandidaten von Personaldienstleisten zugeschickt bekommen, sind diese Profile in der Regel anonymisiert, d.h. ein Personenbezug ist in der Regel nicht herstellbar.
  4. Die Verarbeitung erfolgt zum Zweck der Durchführung des Bewerbungsprozesses und des Einstellungsprozesses, auf Grundlage von Art. 6 Abs. 1 S. 1 lit. b) DSGVO, § 26 Abs. 1 S.1 BDSG neu.
  2.6. Einstellungen fester oder freier Mitarbeiter für spezielle Projekte auf Zeit
  1. Für einzelne Projekte stellen wir feste oder freie Mitarbeiter auf Zeit ein. Für das Bewerbungs- und Einstellungsverfahren nutzen wir externe Personaldienstleister, die uns Profile von potenzi-ellen Kandidaten weiterleiten. Diese können Ihre personenbezogenen Daten enthalten, sofern und soweit Sie nicht anonymisiert sind. Die Profile werden intern an den jeweiligen Fachbereich weitergeleitet, der den Auswahlprozess durchführt. Mit dem finalen Kandidaten wird ein Vertrag geschlossen, entweder direkt mit uns oder über den Personaldienstleister.
  2. Die Verarbeitung Ihrer personenbezogenen Daten erfolgt zum Zweck der Durchführung des Be-werbungsprozesses, auf Grundlage von Art. 6 Abs. 1 S. 1 lit. b) DS-GVO, § 26 Abs. 1 S. 1 BDSG neu.
  2.7. Erhebung weiterer Informationen zum Bewerber und Prüfung der Referenzen
  1. Wenn Sie Referenzen inklusive Kontaktdaten angeben, wird Ihr Einverständnis für eine Kontaktaufnahme zur Verifizierung der angegebenen Informationen (z.B. beim ehemaligem Arbeitge-ber) vorausgesetzt. Hierdurch soll ein noch detaillierterer Eindruck über die vorherigen Tätigkeiten des Bewerbers gewonnen werden.
  2. Die Erhebung und Überprüfung der Hintergrundinformationen werden bei uns aufgrund der Einwilligung des Bewerbers i.S.d. Art. 6 Abs. 1 S. 1 lit. a) DS-GVO, § 26 Abs. 2 S. 1 BDSG neu durchgeführt. Sofern wir auf öffentlich zugängliche Quellen (etwa Profile in sozialen Netzwerken) zurückgreifen, verarbeiten wir Ihre personenbezogenen Daten zur Durchführung des Bewerbungsverfahrens auf Grundlage von Art. 6 Abs. 1 S. 1 lit. b) DS-GVO, § 26 Abs. 1 S. 1 BDSG neu.
  2.8. Reisekostenabrechnung bei Bewerbern
  Wenn Sie für ein Bewerbungsgespräch mit uns anreisen, erstatten wir Ihre Reisekosten auf Basis des kostengünstigsten Tarifs der öffentlichen Verkehrsmittel. Hierzu verarbeiten wir Ihre personenbezo-genen Daten, wie Kontaktdaten (Adresse, E-Mail), Identifikationsdaten (Name) und Finanzdaten (Bankdaten). Die Verarbeitung Ihrer Daten erfolgt zum Zweck der Reisekostenerstattung und zur Durchführung des Bewerbungsverfahrens auf Grundlage von Art. 6 Abs. 1 S. 1 lit. b) DS-GVO, § 26 Abs. 1 S. 1 BDSG neu.
  2.9. Talentpool
  Wenn wir einem Bewerber nicht die gewünschte Stelle anbieten können, nehmen wir den Kandidaten mit dessen Einwilligung in unseren Talentpool auf, um ihm zu einem späteren Zeitpunkt eine andere passende Stelle anbieten zu können. Hierzu verarbeiten wir die Bewerberdaten des Kandidaten. Diese werden über unser Bewerbermanagementsystem an alle Unternehmen der Vonovia Immobiliengruppe weitergeleitet. Die Verarbeitung Ihrer Bewerberdaten erfolgt aufgrund Ihrer Einwilligung i.S.d. Art.6 Abs. 1 S. 1 lit. a) DSGVO, § 26 Abs. 2 S.1 BDSG neu.
  2.10. Erstellung des Arbeitsvertrags
  1. Sobald ein Anstellungsangebot Ihnen gegenüber ausgesprochen wurde, verarbeiten wir Ihre personenbezogenen Daten, um Ihren Anstellungsvertrag zu erstellen. Hierfür werden alle vertragsrelevanten Informationen (etwa Name, Anschrift, Titel, Vertragsbeginn / -ende, Arbeitsort, Gehalt, Bankdaten, Krankenkasse etc.) verarbeitet und intern an die verantwortlichen Mitarbeiter des Personalmanagements weitergeleitet. Die Verarbeitung Ihrer Daten erfolgt zum Zweck der Erstellung des Anstellungsvertrags auf Grundlage von Art. 6 Abs. 1 S. 1 lit. b) DS-GVO, § 26 Abs. 1 S. 1 BDSG neu.
  2. Im Rahmen Ihrer Anstellung verarbeiten wir auch besondere Kategorien personenbezogener Daten (etwa Ihre Konfession für die Kirchensteuer) sowie personenbezogene Daten über strafrechtliche Verurteilungen und Straftaten (etwa Ihr polizeiliches Führungszeugnis). Wir verarbeiten diese Daten für die Begründung und Durchführung Ihres Anstellungsvertrags auf Grundlage von Art. 9 Abs. 2 lit. b) DS-GVO, § 26 Abs. 3 S. 1 BDSG neu und Art. 10 S. 1 Alt. 2 DS-GVO, § 26 Abs. 1 S. 1 BDSG neu.
  2.11. Durchführung von Revisionsprüfungen
  1. Bei der Planung und Durchführung von Revisionsprüfungen und ggf. Sonderprüfungen (bei Verdacht auf strafbares Verhalten eines Mitarbeiters) innerhalb der Vonovia Immobiliengruppe im In- und Ausland können Ihre personenbezogenen Daten verarbeitet werden.
  2. Entsprechende Verarbeitungen Ihrer Daten finden unter Umständen auch statt, wenn wir, um die Anforderungen des Deutschen Corporate Governance Kodex (DCGK) umzusetzen sowie um Fehlverhalten innerhalb des Unternehmens zu identifizieren und zu beheben, Compliance-Programme und -Maßnahmen durchführen.
  3. Wir verarbeiten Ihre personenbezogenen Daten, um unseren gesetzlich festgelegten Pflichten (z.B. Aktiengesetz) nachzukommen auf Grundlage von Art.
  6 Abs. 1 S. 1 lit. c) DS-GVO. Darüber hinaus verarbeiten wir Ihre personenbezogenen Daten aufgrund unserer berechtigten Interessen, die Abläufe und die Effizienz in der Unternehmensgruppe zu überprüfen, Fehlverhalten zu beheben und Betrugsfällen vorzubeugen, ggf. unsere Rechte durchzusetzen und / oder zu verteidigen und Straftaten aufzudecken, auf Grundlage von Art. 6 Abs. 1 S. 1 lit. f) DS-GVO, § 26 Abs. 1 S. 1 bzw. 2 BDSG neu.
  3. Aufbewahrung und Löschung Ihrer personenbezogenen Daten
  1. Log files
  Die Log files (Protokolldateien) unserer Besucher der Karriere-Webseite werden unverzüglich gelöscht, sofern kein Verdacht eines Missbrauchs unseres Dienstes oder eines Cyber-Angriffs besteht, welcher eine längere Speicherung bis zur Klärung der Fakten rechtfertigen würde.
  2. Bewerberdaten
  Nach Abschluss des Auswahlverfahrens werden Ihre Daten innerhalb von 3 Monaten nach Erhalt der Absage gelöscht.
  Für den Fall, dass Sie in die Aufnahme in den Talentpool eingewilligt haben, werden Ihre Daten so lange gespeichert, bis Sie Ihre Einwilligung widerrufen. Im Falle einer Anstellung, werden Ihre Daten in unser internes Personal-System übernommen.
  4. Kategorien von Empfängern personenbezogener Daten
  1. Bei der Durchführung Ihres Bewerbungsprozesses übermitteln wir Ihre personenbezogenen Daten im Rahmen eines konzerninternen, arbeitsteiligen Prozesses an Unternehmen innerhalb der Vonovia Immobiliengruppe. Die Übermittlung erfolgt aufgrund unseres berechtigten Interesses, interne Verwaltungstätigkeiten effizient und arbeitsteilig durchzuführen, auf Grundlage von Art. 6 Abs. 1 S. 1 lit. f) DSGVO.
  2. Wenn Sie sich für eine Stelle bei einem Unternehmen innerhalb der Vonovia Immobiliengruppe bewerben, übermitteln wir Ihre personenbezogenen Daten an das entsprechende Unternehmen. Die Übermittlung Ihrer personenbezogenen Daten erfolgt zur Durchführung Ihrer Bewerbung bei dem entsprechenden Unternehmen auf Grundlage Art. 6 Abs. 1 S. 1 lit. b) DS-GVO, § 26 Abs. 1 S. 1 BDSG neu. Im Anschluss werden durch dieses Unternehmen der Vonovia Immobiliengruppe Ihre Daten auch gem. dieser Datenschutzinformation verarbeitet.
  3. Sofern Sie in die Aufnahme in unseren Talentpool eingewilligt haben, werden Ihre Bewerberdaten an alle Unternehmen der Vonovia Immobiliengruppe weitergegeben. Diese Übermittlung erfolgt aufgrund Ihrer Einwilligung i.S.d. Art. 6 Abs. 1 S. 1 lit. a) DSGVO, § 26 Abs. 2 S. 1 BDSG neu.
  4. Ihre personenbezogenen Daten werden auch an externe Dienstleister übermittelt, deren Tools und Plattformen wir für den Bewerbungs- bzw. Rekrutierungsprozess verwenden und welche die personenbezogenen Daten im Auftrag verarbeiten. Wir übermitteln Ihre personenbezogenen Daten, um Ihre Bewerbungsgunterlagen zu bearbeiten auf Grundlage von Art. 6 Abs. 1 S. 1 lit. b) DSGVO, § 26 Abs. 1 S. 1 BDSG neu und aufgrund unseres berechtigten Interesses, ein effi-zientes Bewerbermanagement zu gewährleisten, auf Grundlage von Art. 6 Abs. 1 S. 1 lit. f) DSGVO.
  5. Im Rahmen des Bewerbungsprozesses übermitteln wir Ihre personenbezogenen Daten an unseren externen Dienstleister, die concludis GmbH. Die Übermittlung erfolgt zum Zweck der Durchführung des Bewerbungsprozesses und zur Anbahnung eines Arbeitsverhältnisses, auf Grundlage von Art. 6 Abs. 1 S. 1 lit. b) DSGVO, § 26 Abs. 1 S.1 BDSG neu.
  6. Sofern wir Ihnen Ihren Arbeitsvertrag sowie Unterlagen im Zusammenhang mit Ihrer Bewerbung per Post zuschicken, übermitteln wir Ihre personenbezogenen Daten an Versanddienstleister. Die Übermittlung erfolgt zum Zweck der Anstellung bei der Vonovia auf Grundlage von Art. 6 Abs. 1 S. 1 lit. b) DSGVO, § 26 Abs. 1 S. 1 BDSG neu.
  7. Im Rahmen von internen Prüfungen und Sonderprüfungen können unter Umständen auch Bewerberdaten an Dienstleister und/oder Wirtschaftsprüfungsgesellschaften übermittelt werden. Die Übermittlung erfolgt zur Erfüllung rechtlicher Verpflichtungen im Rahmen der Prüfung auf Grundlage von Art. 6 Abs. 1 S. 1 lit. c) DSGVO und aufgrund unseres berechtigten Interesses unsere Rechte geltend zu machen und durchzusetzen sowie zur Betrugsprävention, Verhinderung des Missbrauchs von Leistungen und zur Aufdeckung von Straftaten, auf Grundlage von Art. 6 Abs. 1 S. 1 lit. f) DSGVO, § 26 Abs. 1 S. 1 bzw. S. 2 BDSG neu.
  8. Darüber hinaus übermitteln wir Ihre personenbezogenen Daten nur und insoweit eine gesetzliche Verpflichtung unsererseits zur Weitergabe besteht. Die Übermittlung erfolgt auf Grundlage von Art. 6 Abs. 1 S. 1 lit. c) DSGVO (z.B. an die Polizeibehörden im Rahmen von Strafermittlun-gen).
  __________________________________________________

  5. Berechtigte Interessen an der Datenverarbeitung und Widerspruch
  1. Wir verarbeiten Ihre personenbezogenen Daten aufgrund unseres berechtigten Interesses, geeignete Mitarbeiter zu rekrutieren und ein effizientes Bewerbermanagement zu führen, Betrugs- und Missbrauchsfälle zu vermeiden, Straftaten aufzudecken, Rechte durchzusetzen sowie geltend zu machen und Verwaltungstätigkeiten effizient und arbeitsteilig durchzufüh-ren.
  2. Informationen über die durchgeführten Interessenabwägungen erhalten Sie über:

  Vonovia SE

  Universitätsstraße 133

  44803 Bochum

  Tel.: +49 234 314-0

  Fax: +49 234 314 888-4414

  E-Mail: bewerbung@vonovia.de

  3. Soweit wir Ihre personenbezogenen Daten auf Grundlage dieser berechtigten Interessen (Art. 6 Abs. 1 S. 1 lit. f) DSGVO) verarbeiten, haben Sie das Recht, aus Gründen, die sich aus Ihrer besonderen Situation ergeben, jederzeit gegen die Verarbeitung Ihrer personenbezogenen Daten Widerspruch einzulegen. Wir werden Ihre Daten dann für diese(n) Zweck(e) nicht mehr verarbeiten, sofern nicht unsere schutzwürdigen Interessen überwiegen oder die Verarbeitung der Geltendmachung, Ausübung oder Verteidigung von Rechtsansprüchen dient. Unbeschadet dessen, können Sie bei Direktwerbung (etwa Newsletter) jederzeit ohne Angabe von Gründen der Verarbeitung Ihrer personenbezogenen Daten widersprechen. Bitte richten Sie Ihre Anfrage an:

  bewerbung@vonovia.de

  3. Sofern Sie der Datenverarbeitung widersprechen, verarbeiten wir Ihre in diesem Zusammenhang erhobenen personenbezogenen Daten zur Beantwortung Ihrer Anfrage. Die Verarbeitung Ihrer personenbezogenen Daten erfolgt zur Erfüllung einer rechtlichen Verpflichtung auf Grundlage von Art. 6 Abs. 1 S. 1 lit. c) DSGVO.
  __________________________________________________

  6. Einwilligung und Widerruf Ihrer Einwilligung
  1. Sofern Sie uns eine Einwilligung für die Verarbeitung ihrer personenbezogenen Daten (insbesondere in den Erhalt von Job-Benachrichtigungen und die Aufnahme in den Talent-Pool) für erteilt haben, können Sie diese jederzeit widerrufen. Der Widerruf Ihrer Einwilligung wirkt für die Zukunft. Die Rechtmäßigkeit der Verarbeitung Ihrer personenbezogenen Daten bis zum Zeitpunkt des Widerrufs bleibt unberührt. Richten Sie bitte Ihren Widerruf an:

  bewerbung@vonovia.de

  2. Sofern Sie Ihre Einwilligung widerrufen, verarbeiten wir Ihre in diesem Zusammenhang erhobenen personenbezogenen Daten zur Beantwortung Ihrer Anfrage. Die Verarbeitung Ihrer personenbezogenen Daten erfolgt zur Erfüllung einer rechtlichen Verpflichtung auf Grundlage von Art. 6 Abs. 1 S. 1 lit. c) DSGVO.
  7. Ihre Rechte
  1. Sie können jederzeit von uns nach Maßgabe der DSGVO verlangen, dass wir
  * * Ihnen Auskunft über die Sie betreffenden personenbezogenen Daten, die wir verar-beiten, erteilen (Art. 15 DSGVO),
  * * personenbezogene Daten, die Sie betreffen und unrichtig sind, berichtigen (Art. 16 DSGVO) und / oder
  * * Ihre bei uns gespeicherten personenbezogenen Daten löschen (Art. 17 DSGVO), sper-ren (Art. 18 DSGVO) und / oder herausgeben (Art. 20 DSGVO).

  2. Richten Sie bitte Ihre Anfrage
  * per E-Mail an bewerbung@vonovia.de oder
  * schriftlich an Vonovia SE, Abtl. Recruiting & Personalmarketing, Universitätsstr. 133, 44803 Bochum.

  3. Sofern Sie uns gegenüber Ihre Rechte geltend machen, verarbeiten wir Ihre in diesem Zusammenhang erhobenen personenbezogenen Daten zur Beantwortung Ihrer Anfrage. Die Verarbeitung Ihrer personenbezogenen Daten erfolgt zur Erfüllung einer rechtlichen Verpflichtung auf Grundlage von Art. 6 Abs. 1 S. 1 lit. c) DSGVO.
  4. Unbeschadet Ihrer Rechte nach Ziffer 7, können Sie sich bei einer Aufsichtsbehörde für Datenschutz beschweren, wenn Sie der Ansicht sind, dass die Verarbeitung der Sie betreffenden personenbezogenen Daten durch Vonovia gegen die DSGVO verstößt (Art. 77 DSGVO).
  8. Änderungen dieser Datenschutzinformation
  1. Es gelten die Bestimmungen dieser Datenschutzinformation (kostenlos abrufbar unter https://www.vonovia.de/datenschutz-bewerber) einschließlich der Cookie Informationen der Vonovia (kostenlos abrufbar unter https://www.vonovia.de/cookie-richtlinien) in ihrer, zum Zeitpunkt der Bewerbung, gültigen Fassung.
  2. Wir behalten uns vor, den Inhalt dieser Datenschutzinformationen zu ergänzen und zu ändern. Die aktualisierte Datenschutzinformation gilt ab dem Zeitpunkt, in dem sie auf unserer Webseite veröffentlicht wurde.
  3. Wir werden Sie rechtzeitig über diese Änderungen und Ergänzungen auf unserer Webseite informieren. Ihnen wird Gelegenheit gegeben, die geänderte Datenschutzinformation kostenlos einzusehen, auszudrucken und zu speichern.

  concludis - E-Recruiting & Online Bewerbermanagement

  concludis ist seit vielen Jahren erfolgreich im Bereich des E-Recruiting und Online-Bewerbermanagement tätig.
  Die concludis GmbH arbeitet dabei im Rahmen der Auftragsdatenverarbeitung nach BDSG (Bundesdatenschutz Gesetz)
  im Bereich E-Recruiting für die jeweils auftraggebenden Unternehmen.
  Den strengen gesetzlichen und vertraglichen Anfoderung an die Sicherheit der anvertrauten Bewerberdaten wird dabei im höchsten Maße Beachtung geschenkt.
  Mit concludis E-Recruiting und Online-Bewerbermanagement Software sind Ihre Daten in sicheren Händen

  Weitere Informationen zu concludis finden Sie im Internet unter concludis - Online Bewerbermanagement",1
20,,NoAz,"  Tankstelle + + Vollzeit (Kassierer/in (Handel))

  directhire

  Stellenangebotsbeschreibung: Als eine der bundesweit erfolgreichsten Arbeitsvermittlungen ist Borten Personaldienstleistungen auf die Vermittlung von Fachkräften im gewerblichen, kaufmännischen und medizinischen Bereich spezialisiert. Durch unsere langjährige Erfahrung in der Arbeitsvermittlung verfügen wir über ein umfangreiches Netzwerk an namhaften Unternehmen, für die wir qualifiziertes Personal suchen. Unternehmen im 24 Std.-Betrieb in Bremen sucht Mitarbeiter/innen zur Verstärkung in Vollzeit für den Einsatz im Stadtgebiet. Ihre Aufgaben: - Umgang mit Scannerkassen - teilweise Warenverräumung - Bar- und Kartenzahlung entgegennehmen Ihr Profil: - Erfahrung im Umgang mit Kassensystemen - zeitliche Flexibilität - Motivation und Freundlichkeit Wir bieten: - unbefristeten Vollzeitvertrag - Arbeitszeitraum flexibel von Mo-So., 0-24 Uhr - 5-Tage-Arbeitswoche, Schichtplan steht mind. eine Woche im Voraus fest - 9,50 Euro brutto pro Stunde + Schichtzulagen Sie fühlen sich
  angesprochen? Dann bewerben Sie sich jetzt über unser Online-Portal auf www.borten-personaldienstleistungen.de für diese Stelle. Nach Eingang Ihrer Bewerbung setzen wir uns umgehend mit Ihnen in Verbindung. Hinweise: - Nutzen Sie unser übersichtliches Online-Portal! - Geben Sie bitte in Ihrer Bewerbung Ihre zuständige Filiale an! Bitte entschuldigen Sie, dass wir aufgrund der hohen Anzahl an Bewerbungen leider nur Unterlagen mit frankiertem Rückumschlag zurücksenden können.",1
21,,NoAz,"  Steuerfachangestellter (m/w)

  vom 01.08.2017 bei BEST AUDIT GmbH in Berlin
  Per E-Mail bewerbenBewerben
  Ergebnisliste
  Drucken Merken gemerkt Weiterleiten
  Referenznummer: 2014202-sde
  Wichtig: Unbedingt Referenznummer angeben. Sie vereinfachen damit die Bearbeitung Ihrer Bewerbung.

  Zur Beratung unserer Mandanten im Start-up Bereich suchen wir Dich als

  Steuerfachangestellte/r (Voll-/Teilzeit)

  mit Spaß an der Arbeit in einem internationalen Umfeld.

  Deine Anforderungen an uns

  Du willst Kollegen haben, die gerne zur Arbeit kommen und für ein gemeinsames Ziel arbeiten.

  Darüber hinaus möchtest Du sie bei Mitarbeiterevents, wie Sommerfesten, Firmenläufen und spontanen After-Work Veranstaltungen, auch außerhalb des Büros kennenlernen.

  Deine Arbeitsbereiche stellst Du dir abwechslungsreich vor - nur für eine Unternehmensbranche zu arbeiten ist Dir zu langweilig.

  Durch fachliche und persönliche Weiterbildungen willst Du stetig dazu lernen und eigene Ideen und Initiativen ins Unternehmen einbringen.

  Nicht nur ein zentraler Standort Deines zukünftigen Büros ist dir wichtig sondern auch ein modernes IT-Umfeld an Deinem Arbeitsplatz.

  Eine leistungsgerechte Vergütung und flexible Arbeitszeiten sind für Dich selbstverständlich.

  Das gibt es bei uns zu tun

  Du erstellst Steuererklärungen und Steuerbilanzen.

  Du bearbeitest Finanz- und idealerweise auch Lohnbuchhaltungen.

  Du erstellst und bereitest Jahresabschlüsse vor.

  Du arbeitest im direkten Kontakt mit unseren mittelständischen Mandanten zusammen.

  Das solltest Du mitbringen

  Idealerweise hast du neben Deiner erfolgreich abgeschlossenen Ausbildung als Steuerfachangestellte/r, Bilanzbuchhalter/in oder Steuerfachwirt/in erste Berufserfahrung gesammelt.
  Deine Kollegen und Mandanten überzeugst du von Anfang an mit Deiner sympathischen Art und Deiner engagierten Arbeitsweise.
  Die Arbeit mit MS-Office Anwendungen und
  Datenverarbeitungsprogrammen wie DATEV ist für Dich kein Problem.

  Erste Eindrücke von Deinen zukünftigen Kollegen und unseren Leistungen findest Du unter: www.bestaudit.de

  BEST AUDIT

  Wir sind eine moderne Beratung mit flexiblen Strukturen und flachen Hierarchien. Als wachstumsorientiertes Unternehmen, mit >120 Mitarbeitern an 8 Standorten, unterstützen wir unsere Mitarbeiter bei der individuellen Weiterentwicklung und der Verwirklichung der eigenen Ziele.

  Büro Berlin

  Oranienburger Straße 1-3 10178 Berlin

  Bestaudit
  Best_Audit_Int

  BEST AUDIT GmbH
  BEST AUDIT GmbH

  Wir freuen uns auf Dich als neue/n Kollegen/in, der/die unser Team
  persönlich und fachlich begeistert. Bitte sende Deine Bewerbung an:
  Ulrich Britting
  jobs@bestaudit.de

  TO WORK ON CHANCES.

  Berlin * Dresden * Frankfurt * Hamburg * Hannover * München * Stuttgart * Reutlingen",1
